Inference for Bugs model at "model_0.bug", fit using jags,
 3 chains, each with 2e+05 iterations (first 1e+05 discarded), n.thin = 100
 n.sims = 3000 iterations saved
             mu.vect sd.vect     2.5%      25%      50%      75%
L0_mean       58.233   1.903   54.356   57.042   58.215   59.489
L_hat[1,1]    58.233   1.903   54.356   57.042   58.215   59.489
L_hat[2,1]    70.942   1.471   67.950   70.005   70.901   71.939
L_hat[3,1]    83.554   1.179   81.252   82.779   83.548   84.350
L_hat[4,1]    96.532   1.089   94.414   95.800   96.529   97.253
L_hat[5,1]   109.408   1.239  106.977  108.594  109.412  110.219
L_hat[6,1]   122.640   1.584  119.460  121.588  122.661  123.698
L_hat[7,1]   135.316   2.033  131.227  133.979  135.305  136.749
L_hat[1,2]    58.233   1.903   54.356   57.042   58.215   59.489
L_hat[2,2]    70.942   1.471   67.950   70.005   70.901   71.939
L_hat[3,2]    83.554   1.179   81.252   82.779   83.548   84.350
L_hat[4,2]    96.532   1.089   94.414   95.800   96.529   97.253
L_hat[5,2]   109.408   1.239  106.977  108.594  109.412  110.219
L_hat[6,2]   122.640   1.584  119.460  121.588  122.661  123.698
L_hat[7,2]   135.316   2.033  131.227  133.979  135.305  136.749
L_hat[1,3]    58.233   1.903   54.356   57.042   58.215   59.489
L_hat[2,3]    70.942   1.471   67.950   70.005   70.901   71.939
L_hat[3,3]    83.554   1.179   81.252   82.779   83.548   84.350
L_hat[4,3]    96.532   1.089   94.414   95.800   96.529   97.253
L_hat[5,3]   109.408   1.239  106.977  108.594  109.412  110.219
L_hat[6,3]   122.640   1.584  119.460  121.588  122.661  123.698
L_hat[7,3]   135.316   2.033  131.227  133.979  135.305  136.749
L_hat[1,4]    58.233   1.903   54.356   57.042   58.215   59.489
L_hat[2,4]    70.942   1.471   67.950   70.005   70.901   71.939
L_hat[3,4]    83.554   1.179   81.252   82.779   83.548   84.350
L_hat[4,4]    96.532   1.089   94.414   95.800   96.529   97.253
L_hat[5,4]   109.408   1.239  106.977  108.594  109.412  110.219
L_hat[6,4]   122.640   1.584  119.460  121.588  122.661  123.698
L_hat[7,4]   135.316   2.033  131.227  133.979  135.305  136.749
L_hat[1,5]    58.233   1.903   54.356   57.042   58.215   59.489
L_hat[2,5]    70.942   1.471   67.950   70.005   70.901   71.939
L_hat[3,5]    83.554   1.179   81.252   82.779   83.548   84.350
L_hat[4,5]    96.532   1.089   94.414   95.800   96.529   97.253
L_hat[5,5]   109.408   1.239  106.977  108.594  109.412  110.219
L_hat[6,5]   122.640   1.584  119.460  121.588  122.661  123.698
L_hat[7,5]   135.316   2.033  131.227  133.979  135.305  136.749
L_hat[1,6]    58.233   1.903   54.356   57.042   58.215   59.489
L_hat[2,6]    70.942   1.471   67.950   70.005   70.901   71.939
L_hat[3,6]    83.554   1.179   81.252   82.779   83.548   84.350
L_hat[4,6]    96.532   1.089   94.414   95.800   96.529   97.253
L_hat[5,6]   109.408   1.239  106.977  108.594  109.412  110.219
L_hat[6,6]   122.640   1.584  119.460  121.588  122.661  123.698
L_hat[7,6]   135.316   2.033  131.227  133.979  135.305  136.749
L_hat[1,7]    58.233   1.903   54.356   57.042   58.215   59.489
L_hat[2,7]    70.942   1.471   67.950   70.005   70.901   71.939
L_hat[3,7]    83.554   1.179   81.252   82.779   83.548   84.350
L_hat[4,7]    96.532   1.089   94.414   95.800   96.529   97.253
L_hat[5,7]   109.408   1.239  106.977  108.594  109.412  110.219
L_hat[6,7]   122.640   1.584  119.460  121.588  122.661  123.698
L_hat[7,7]   135.316   2.033  131.227  133.979  135.305  136.749
L_hat[1,8]    58.233   1.903   54.356   57.042   58.215   59.489
L_hat[2,8]    70.942   1.471   67.950   70.005   70.901   71.939
L_hat[3,8]    83.554   1.179   81.252   82.779   83.548   84.350
L_hat[4,8]    96.532   1.089   94.414   95.800   96.529   97.253
L_hat[5,8]   109.408   1.239  106.977  108.594  109.412  110.219
L_hat[6,8]   122.640   1.584  119.460  121.588  122.661  123.698
L_hat[7,8]   135.316   2.033  131.227  133.979  135.305  136.749
L_hat[1,9]    58.233   1.903   54.356   57.042   58.215   59.489
L_hat[2,9]    70.942   1.471   67.950   70.005   70.901   71.939
L_hat[3,9]    83.554   1.179   81.252   82.779   83.548   84.350
L_hat[4,9]    96.532   1.089   94.414   95.800   96.529   97.253
L_hat[5,9]   109.408   1.239  106.977  108.594  109.412  110.219
L_hat[6,9]   122.640   1.584  119.460  121.588  122.661  123.698
L_hat[7,9]   135.316   2.033  131.227  133.979  135.305  136.749
L_hat[1,10]   58.233   1.903   54.356   57.042   58.215   59.489
L_hat[2,10]   70.942   1.471   67.950   70.005   70.901   71.939
L_hat[3,10]   83.554   1.179   81.252   82.779   83.548   84.350
L_hat[4,10]   96.532   1.089   94.414   95.800   96.529   97.253
L_hat[5,10]  109.408   1.239  106.977  108.594  109.412  110.219
L_hat[6,10]  122.640   1.584  119.460  121.588  122.661  123.698
L_hat[7,10]  135.316   2.033  131.227  133.979  135.305  136.749
L_hat[1,11]   58.233   1.903   54.356   57.042   58.215   59.489
L_hat[2,11]   70.942   1.471   67.950   70.005   70.901   71.939
L_hat[3,11]   83.554   1.179   81.252   82.779   83.548   84.350
L_hat[4,11]   96.532   1.089   94.414   95.800   96.529   97.253
L_hat[5,11]  109.408   1.239  106.977  108.594  109.412  110.219
L_hat[6,11]  122.640   1.584  119.460  121.588  122.661  123.698
L_hat[7,11]  135.316   2.033  131.227  133.979  135.305  136.749
L_hat[1,12]   58.233   1.903   54.356   57.042   58.215   59.489
L_hat[2,12]   70.942   1.471   67.950   70.005   70.901   71.939
L_hat[3,12]   83.554   1.179   81.252   82.779   83.548   84.350
L_hat[4,12]   96.532   1.089   94.414   95.800   96.529   97.253
L_hat[5,12]  109.408   1.239  106.977  108.594  109.412  110.219
L_hat[6,12]  122.640   1.584  119.460  121.588  122.661  123.698
L_hat[7,12]  135.316   2.033  131.227  133.979  135.305  136.749
L_hat[1,13]   58.233   1.903   54.356   57.042   58.215   59.489
L_hat[2,13]   70.942   1.471   67.950   70.005   70.901   71.939
L_hat[3,13]   83.554   1.179   81.252   82.779   83.548   84.350
L_hat[4,13]   96.532   1.089   94.414   95.800   96.529   97.253
L_hat[5,13]  109.408   1.239  106.977  108.594  109.412  110.219
L_hat[6,13]  122.640   1.584  119.460  121.588  122.661  123.698
L_hat[7,13]  135.316   2.033  131.227  133.979  135.305  136.749
L_hat[1,14]   58.233   1.903   54.356   57.042   58.215   59.489
L_hat[2,14]   70.942   1.471   67.950   70.005   70.901   71.939
L_hat[3,14]   83.554   1.179   81.252   82.779   83.548   84.350
L_hat[4,14]   96.532   1.089   94.414   95.800   96.529   97.253
L_hat[5,14]  109.408   1.239  106.977  108.594  109.412  110.219
L_hat[6,14]  122.640   1.584  119.460  121.588  122.661  123.698
L_hat[7,14]  135.316   2.033  131.227  133.979  135.305  136.749
L_hat[1,15]   58.233   1.903   54.356   57.042   58.215   59.489
L_hat[2,15]   70.942   1.471   67.950   70.005   70.901   71.939
L_hat[3,15]   83.554   1.179   81.252   82.779   83.548   84.350
L_hat[4,15]   96.532   1.089   94.414   95.800   96.529   97.253
L_hat[5,15]  109.408   1.239  106.977  108.594  109.412  110.219
L_hat[6,15]  122.640   1.584  119.460  121.588  122.661  123.698
L_hat[7,15]  135.316   2.033  131.227  133.979  135.305  136.749
L_hat[1,16]   58.233   1.903   54.356   57.042   58.215   59.489
L_hat[2,16]   70.942   1.471   67.950   70.005   70.901   71.939
L_hat[3,16]   83.554   1.179   81.252   82.779   83.548   84.350
L_hat[4,16]   96.532   1.089   94.414   95.800   96.529   97.253
L_hat[5,16]  109.408   1.239  106.977  108.594  109.412  110.219
L_hat[6,16]  122.640   1.584  119.460  121.588  122.661  123.698
L_hat[7,16]  135.316   2.033  131.227  133.979  135.305  136.749
L_hat[1,17]   58.233   1.903   54.356   57.042   58.215   59.489
L_hat[2,17]   70.942   1.471   67.950   70.005   70.901   71.939
L_hat[3,17]   83.554   1.179   81.252   82.779   83.548   84.350
L_hat[4,17]   96.532   1.089   94.414   95.800   96.529   97.253
L_hat[5,17]  109.408   1.239  106.977  108.594  109.412  110.219
L_hat[6,17]  122.640   1.584  119.460  121.588  122.661  123.698
L_hat[7,17]  135.316   2.033  131.227  133.979  135.305  136.749
L_hat[1,18]   58.233   1.903   54.356   57.042   58.215   59.489
L_hat[2,18]   70.942   1.471   67.950   70.005   70.901   71.939
L_hat[3,18]   83.554   1.179   81.252   82.779   83.548   84.350
L_hat[4,18]   96.532   1.089   94.414   95.800   96.529   97.253
L_hat[5,18]  109.408   1.239  106.977  108.594  109.412  110.219
L_hat[6,18]  122.640   1.584  119.460  121.588  122.661  123.698
L_hat[7,18]  135.316   2.033  131.227  133.979  135.305  136.749
L_hat[1,19]   58.233   1.903   54.356   57.042   58.215   59.489
L_hat[2,19]   70.942   1.471   67.950   70.005   70.901   71.939
L_hat[3,19]   83.554   1.179   81.252   82.779   83.548   84.350
L_hat[4,19]   96.532   1.089   94.414   95.800   96.529   97.253
L_hat[5,19]  109.408   1.239  106.977  108.594  109.412  110.219
L_hat[6,19]  122.640   1.584  119.460  121.588  122.661  123.698
L_hat[7,19]  135.316   2.033  131.227  133.979  135.305  136.749
L_hat[1,20]   58.233   1.903   54.356   57.042   58.215   59.489
L_hat[2,20]   70.942   1.471   67.950   70.005   70.901   71.939
L_hat[3,20]   83.554   1.179   81.252   82.779   83.548   84.350
L_hat[4,20]   96.532   1.089   94.414   95.800   96.529   97.253
L_hat[5,20]  109.408   1.239  106.977  108.594  109.412  110.219
L_hat[6,20]  122.640   1.584  119.460  121.588  122.661  123.698
L_hat[7,20]  135.316   2.033  131.227  133.979  135.305  136.749
L_hat[1,21]   58.233   1.903   54.356   57.042   58.215   59.489
L_hat[2,21]   70.942   1.471   67.950   70.005   70.901   71.939
L_hat[3,21]   83.554   1.179   81.252   82.779   83.548   84.350
L_hat[4,21]   96.532   1.089   94.414   95.800   96.529   97.253
L_hat[5,21]  109.408   1.239  106.977  108.594  109.412  110.219
L_hat[6,21]  122.640   1.584  119.460  121.588  122.661  123.698
L_hat[7,21]  135.316   2.033  131.227  133.979  135.305  136.749
L_hat[1,22]   58.233   1.903   54.356   57.042   58.215   59.489
L_hat[2,22]   70.942   1.471   67.950   70.005   70.901   71.939
L_hat[3,22]   83.554   1.179   81.252   82.779   83.548   84.350
L_hat[4,22]   96.532   1.089   94.414   95.800   96.529   97.253
L_hat[5,22]  109.408   1.239  106.977  108.594  109.412  110.219
L_hat[6,22]  122.640   1.584  119.460  121.588  122.661  123.698
L_hat[7,22]  135.316   2.033  131.227  133.979  135.305  136.749
L_hat[1,23]   58.233   1.903   54.356   57.042   58.215   59.489
L_hat[2,23]   70.942   1.471   67.950   70.005   70.901   71.939
L_hat[3,23]   83.554   1.179   81.252   82.779   83.548   84.350
L_hat[4,23]   96.532   1.089   94.414   95.800   96.529   97.253
L_hat[5,23]  109.408   1.239  106.977  108.594  109.412  110.219
L_hat[6,23]  122.640   1.584  119.460  121.588  122.661  123.698
L_hat[7,23]  135.316   2.033  131.227  133.979  135.305  136.749
L_hat[1,24]   58.233   1.903   54.356   57.042   58.215   59.489
L_hat[2,24]   70.942   1.471   67.950   70.005   70.901   71.939
L_hat[3,24]   83.554   1.179   81.252   82.779   83.548   84.350
L_hat[4,24]   96.532   1.089   94.414   95.800   96.529   97.253
L_hat[5,24]  109.408   1.239  106.977  108.594  109.412  110.219
L_hat[6,24]  122.640   1.584  119.460  121.588  122.661  123.698
L_hat[7,24]  135.316   2.033  131.227  133.979  135.305  136.749
L_hat[1,25]   58.233   1.903   54.356   57.042   58.215   59.489
L_hat[2,25]   70.942   1.471   67.950   70.005   70.901   71.939
L_hat[3,25]   83.554   1.179   81.252   82.779   83.548   84.350
L_hat[4,25]   96.532   1.089   94.414   95.800   96.529   97.253
L_hat[5,25]  109.408   1.239  106.977  108.594  109.412  110.219
L_hat[6,25]  122.640   1.584  119.460  121.588  122.661  123.698
L_hat[7,25]  135.316   2.033  131.227  133.979  135.305  136.749
L_hat[1,26]   58.233   1.903   54.356   57.042   58.215   59.489
L_hat[2,26]   70.942   1.471   67.950   70.005   70.901   71.939
L_hat[3,26]   83.554   1.179   81.252   82.779   83.548   84.350
L_hat[4,26]   96.532   1.089   94.414   95.800   96.529   97.253
L_hat[5,26]  109.408   1.239  106.977  108.594  109.412  110.219
L_hat[6,26]  122.640   1.584  119.460  121.588  122.661  123.698
L_hat[7,26]  135.316   2.033  131.227  133.979  135.305  136.749
L_hat[1,27]   58.233   1.903   54.356   57.042   58.215   59.489
L_hat[2,27]   70.942   1.471   67.950   70.005   70.901   71.939
L_hat[3,27]   83.554   1.179   81.252   82.779   83.548   84.350
L_hat[4,27]   96.532   1.089   94.414   95.800   96.529   97.253
L_hat[5,27]  109.408   1.239  106.977  108.594  109.412  110.219
L_hat[6,27]  122.640   1.584  119.460  121.588  122.661  123.698
L_hat[7,27]  135.316   2.033  131.227  133.979  135.305  136.749
L_hat[1,28]   58.233   1.903   54.356   57.042   58.215   59.489
L_hat[2,28]   70.942   1.471   67.950   70.005   70.901   71.939
L_hat[3,28]   83.554   1.179   81.252   82.779   83.548   84.350
L_hat[4,28]   96.532   1.089   94.414   95.800   96.529   97.253
L_hat[5,28]  109.408   1.239  106.977  108.594  109.412  110.219
L_hat[6,28]  122.640   1.584  119.460  121.588  122.661  123.698
L_hat[7,28]  135.316   2.033  131.227  133.979  135.305  136.749
L_hat[1,29]   58.233   1.903   54.356   57.042   58.215   59.489
L_hat[2,29]   70.942   1.471   67.950   70.005   70.901   71.939
L_hat[3,29]   83.554   1.179   81.252   82.779   83.548   84.350
L_hat[4,29]   96.532   1.089   94.414   95.800   96.529   97.253
L_hat[5,29]  109.408   1.239  106.977  108.594  109.412  110.219
L_hat[6,29]  122.640   1.584  119.460  121.588  122.661  123.698
L_hat[7,29]  135.316   2.033  131.227  133.979  135.305  136.749
L_hat[1,30]   58.233   1.903   54.356   57.042   58.215   59.489
L_hat[2,30]   70.942   1.471   67.950   70.005   70.901   71.939
L_hat[3,30]   83.554   1.179   81.252   82.779   83.548   84.350
L_hat[4,30]   96.532   1.089   94.414   95.800   96.529   97.253
L_hat[5,30]  109.408   1.239  106.977  108.594  109.412  110.219
L_hat[6,30]  122.640   1.584  119.460  121.588  122.661  123.698
L_hat[7,30]  135.316   2.033  131.227  133.979  135.305  136.749
L_hat[1,31]   58.233   1.903   54.356   57.042   58.215   59.489
L_hat[2,31]   70.942   1.471   67.950   70.005   70.901   71.939
L_hat[3,31]   83.554   1.179   81.252   82.779   83.548   84.350
L_hat[4,31]   96.532   1.089   94.414   95.800   96.529   97.253
L_hat[5,31]  109.408   1.239  106.977  108.594  109.412  110.219
L_hat[6,31]  122.640   1.584  119.460  121.588  122.661  123.698
L_hat[7,31]  135.316   2.033  131.227  133.979  135.305  136.749
L_hat[1,32]   58.233   1.903   54.356   57.042   58.215   59.489
L_hat[2,32]   70.942   1.471   67.950   70.005   70.901   71.939
L_hat[3,32]   83.554   1.179   81.252   82.779   83.548   84.350
L_hat[4,32]   96.532   1.089   94.414   95.800   96.529   97.253
L_hat[5,32]  109.408   1.239  106.977  108.594  109.412  110.219
L_hat[6,32]  122.640   1.584  119.460  121.588  122.661  123.698
L_hat[7,32]  135.316   2.033  131.227  133.979  135.305  136.749
L_hat[1,33]   58.233   1.903   54.356   57.042   58.215   59.489
L_hat[2,33]   70.942   1.471   67.950   70.005   70.901   71.939
L_hat[3,33]   83.554   1.179   81.252   82.779   83.548   84.350
L_hat[4,33]   96.532   1.089   94.414   95.800   96.529   97.253
L_hat[5,33]  109.408   1.239  106.977  108.594  109.412  110.219
L_hat[6,33]  122.640   1.584  119.460  121.588  122.661  123.698
L_hat[7,33]  135.316   2.033  131.227  133.979  135.305  136.749
L_hat[1,34]   58.233   1.903   54.356   57.042   58.215   59.489
L_hat[2,34]   70.942   1.471   67.950   70.005   70.901   71.939
L_hat[3,34]   83.554   1.179   81.252   82.779   83.548   84.350
L_hat[4,34]   96.532   1.089   94.414   95.800   96.529   97.253
L_hat[5,34]  109.408   1.239  106.977  108.594  109.412  110.219
L_hat[6,34]  122.640   1.584  119.460  121.588  122.661  123.698
L_hat[7,34]  135.316   2.033  131.227  133.979  135.305  136.749
L_hat[1,35]   58.233   1.903   54.356   57.042   58.215   59.489
L_hat[2,35]   70.942   1.471   67.950   70.005   70.901   71.939
L_hat[3,35]   83.554   1.179   81.252   82.779   83.548   84.350
L_hat[4,35]   96.532   1.089   94.414   95.800   96.529   97.253
L_hat[5,35]  109.408   1.239  106.977  108.594  109.412  110.219
L_hat[6,35]  122.640   1.584  119.460  121.588  122.661  123.698
L_hat[7,35]  135.316   2.033  131.227  133.979  135.305  136.749
L_hat[1,36]   58.233   1.903   54.356   57.042   58.215   59.489
L_hat[2,36]   70.942   1.471   67.950   70.005   70.901   71.939
L_hat[3,36]   83.554   1.179   81.252   82.779   83.548   84.350
L_hat[4,36]   96.532   1.089   94.414   95.800   96.529   97.253
L_hat[5,36]  109.408   1.239  106.977  108.594  109.412  110.219
L_hat[6,36]  122.640   1.584  119.460  121.588  122.661  123.698
L_hat[7,36]  135.316   2.033  131.227  133.979  135.305  136.749
L_hat[1,37]   58.233   1.903   54.356   57.042   58.215   59.489
L_hat[2,37]   70.942   1.471   67.950   70.005   70.901   71.939
L_hat[3,37]   83.554   1.179   81.252   82.779   83.548   84.350
L_hat[4,37]   96.532   1.089   94.414   95.800   96.529   97.253
L_hat[5,37]  109.408   1.239  106.977  108.594  109.412  110.219
L_hat[6,37]  122.640   1.584  119.460  121.588  122.661  123.698
L_hat[7,37]  135.316   2.033  131.227  133.979  135.305  136.749
L_hat[1,38]   58.233   1.903   54.356   57.042   58.215   59.489
L_hat[2,38]   70.942   1.471   67.950   70.005   70.901   71.939
L_hat[3,38]   83.554   1.179   81.252   82.779   83.548   84.350
L_hat[4,38]   96.532   1.089   94.414   95.800   96.529   97.253
L_hat[5,38]  109.408   1.239  106.977  108.594  109.412  110.219
L_hat[6,38]  122.640   1.584  119.460  121.588  122.661  123.698
L_hat[7,38]  135.316   2.033  131.227  133.979  135.305  136.749
L_hat[1,39]   58.233   1.903   54.356   57.042   58.215   59.489
L_hat[2,39]   70.942   1.471   67.950   70.005   70.901   71.939
L_hat[3,39]   83.554   1.179   81.252   82.779   83.548   84.350
L_hat[4,39]   96.532   1.089   94.414   95.800   96.529   97.253
L_hat[5,39]  109.408   1.239  106.977  108.594  109.412  110.219
L_hat[6,39]  122.640   1.584  119.460  121.588  122.661  123.698
L_hat[7,39]  135.316   2.033  131.227  133.979  135.305  136.749
L_hat[1,40]   58.233   1.903   54.356   57.042   58.215   59.489
L_hat[2,40]   70.942   1.471   67.950   70.005   70.901   71.939
L_hat[3,40]   83.554   1.179   81.252   82.779   83.548   84.350
L_hat[4,40]   96.532   1.089   94.414   95.800   96.529   97.253
L_hat[5,40]  109.408   1.239  106.977  108.594  109.412  110.219
L_hat[6,40]  122.640   1.584  119.460  121.588  122.661  123.698
L_hat[7,40]  135.316   2.033  131.227  133.979  135.305  136.749
L_hat[1,41]   58.233   1.903   54.356   57.042   58.215   59.489
L_hat[2,41]   70.942   1.471   67.950   70.005   70.901   71.939
L_hat[3,41]   83.554   1.179   81.252   82.779   83.548   84.350
L_hat[4,41]   96.532   1.089   94.414   95.800   96.529   97.253
L_hat[5,41]  109.408   1.239  106.977  108.594  109.412  110.219
L_hat[6,41]  122.640   1.584  119.460  121.588  122.661  123.698
L_hat[7,41]  135.316   2.033  131.227  133.979  135.305  136.749
L_pred[1]     58.233   1.903   54.356   57.042   58.215   59.489
L_pred[2]     58.705   1.885   54.875   57.523   58.685   59.941
L_pred[3]     59.177   1.867   55.394   58.005   59.158   60.410
L_pred[4]     59.650   1.849   55.893   58.490   59.629   60.874
L_pred[5]     60.122   1.832   56.406   58.968   60.099   61.339
L_pred[6]     60.594   1.814   56.900   59.452   60.566   61.799
L_pred[7]     61.065   1.797   57.401   59.936   61.037   62.265
L_pred[8]     61.537   1.780   57.898   60.421   61.509   62.728
L_pred[9]     62.008   1.763   58.396   60.902   61.981   63.192
L_pred[10]    62.480   1.746   58.908   61.385   62.448   63.660
L_pred[11]    62.951   1.729   59.391   61.865   62.924   64.128
L_pred[12]    63.422   1.713   59.905   62.341   63.395   64.583
L_pred[13]    63.893   1.696   60.409   62.820   63.863   65.044
L_pred[14]    64.364   1.680   60.927   63.304   64.325   65.500
L_pred[15]    64.835   1.664   61.425   63.788   64.794   65.955
L_pred[16]    65.305   1.648   61.933   64.266   65.266   66.413
L_pred[17]    65.776   1.632   62.453   64.746   65.742   66.873
L_pred[18]    66.246   1.617   62.956   65.223   66.216   67.334
L_pred[19]    66.716   1.602   63.456   65.702   66.685   67.791
L_pred[20]    67.186   1.586   63.947   66.175   67.156   68.245
L_pred[21]    67.656   1.571   64.456   66.653   67.629   68.705
L_pred[22]    68.126   1.556   64.950   67.131   68.098   69.165
L_pred[23]    68.596   1.542   65.439   67.612   68.570   69.629
L_pred[24]    69.065   1.527   65.928   68.090   69.032   70.087
L_pred[25]    69.534   1.513   66.423   68.577   69.498   70.552
L_pred[26]    70.004   1.499   66.922   69.055   69.962   71.010
L_pred[27]    70.473   1.485   67.431   69.531   70.433   71.474
L_pred[28]    70.942   1.471   67.950   70.005   70.901   71.939
L_pred[29]    71.411   1.457   68.431   70.486   71.367   72.403
L_pred[30]    71.879   1.444   68.917   70.965   71.833   72.865
L_pred[31]    72.348   1.431   69.422   71.438   72.304   73.321
L_pred[32]    72.816   1.418   69.928   71.914   72.772   73.781
L_pred[33]    73.285   1.405   70.429   72.389   73.241   74.238
L_pred[34]    73.753   1.392   70.921   72.867   73.712   74.696
L_pred[35]    74.221   1.380   71.426   73.342   74.187   75.155
L_pred[36]    74.689   1.367   71.919   73.812   74.658   75.617
L_pred[37]    75.156   1.355   72.404   74.280   75.126   76.076
L_pred[38]    75.624   1.344   72.913   74.754   75.594   76.537
L_pred[39]    76.092   1.332   73.420   75.221   76.065   77.001
L_pred[40]    76.559   1.321   73.897   75.690   76.528   77.460
L_pred[41]    77.026   1.310   74.394   76.155   76.996   77.923
L_pred[42]    77.493   1.299   74.891   76.630   77.470   78.386
L_pred[43]    77.960   1.288   75.388   77.107   77.936   78.848
L_pred[44]    78.427   1.278   75.885   77.587   78.410   79.306
L_pred[45]    78.894   1.267   76.367   78.056   78.877   79.761
L_pred[46]    79.360   1.257   76.857   78.528   79.351   80.215
L_pred[47]    79.827   1.248   77.345   79.002   79.814   80.680
L_pred[48]    80.293   1.238   77.817   79.472   80.281   81.130
L_pred[49]    80.759   1.229   78.315   79.947   80.745   81.593
L_pred[50]    81.225   1.220   78.823   80.417   81.218   82.051
L_pred[51]    81.691   1.211   79.313   80.894   81.685   82.514
L_pred[52]    82.157   1.203   79.801   81.359   82.150   82.977
L_pred[53]    82.623   1.195   80.288   81.833   82.617   83.435
L_pred[54]    83.088   1.187   80.773   82.301   83.079   83.893
L_pred[55]    83.554   1.179   81.252   82.779   83.548   84.350
L_pred[56]    84.019   1.172   81.734   83.250   84.013   84.809
L_pred[57]    84.484   1.165   82.221   83.722   84.481   85.270
L_pred[58]    84.949   1.158   82.698   84.190   84.942   85.731
L_pred[59]    85.414   1.152   83.171   84.656   85.406   86.193
L_pred[60]    85.879   1.145   83.647   85.126   85.872   86.658
L_pred[61]    86.343   1.140   84.129   85.591   86.337   87.127
L_pred[62]    86.808   1.134   84.607   86.053   86.799   87.589
L_pred[63]    87.272   1.129   85.085   86.524   87.264   88.050
L_pred[64]    87.736   1.124   85.536   86.991   87.728   88.508
L_pred[65]    88.200   1.119   86.011   87.456   88.191   88.964
L_pred[66]    88.664   1.115   86.484   87.930   88.650   89.417
L_pred[67]    89.128   1.111   86.948   88.390   89.115   89.882
L_pred[68]    89.592   1.107   87.406   88.855   89.585   90.335
L_pred[69]    90.055   1.103   87.914   89.316   90.047   90.799
L_pred[70]    90.519   1.100   88.384   89.778   90.513   91.261
L_pred[71]    90.982   1.097   88.843   90.239   90.974   91.720
L_pred[72]    91.445   1.095   89.319   90.704   91.437   92.181
L_pred[73]    91.908   1.093   89.786   91.166   91.900   92.649
L_pred[74]    92.371   1.091   90.261   91.630   92.360   93.106
L_pred[75]    92.834   1.089   90.715   92.095   92.823   93.565
L_pred[76]    93.297   1.088   91.168   92.559   93.284   94.028
L_pred[77]    93.759   1.087   91.629   93.025   93.749   94.485
L_pred[78]    94.222   1.087   92.089   93.489   94.210   94.948
L_pred[79]    94.684   1.086   92.541   93.952   94.671   95.411
L_pred[80]    95.146   1.087   93.014   94.407   95.138   95.872
L_pred[81]    95.608   1.087   93.487   94.876   95.602   96.335
L_pred[82]    96.070   1.088   93.961   95.340   96.059   96.795
L_pred[83]    96.532   1.089   94.414   95.800   96.529   97.253
L_pred[84]    96.993   1.090   94.862   96.262   96.995   97.718
L_pred[85]    97.455   1.092   95.323   96.729   97.463   98.175
L_pred[86]    97.916   1.094   95.791   97.186   97.920   98.639
L_pred[87]    98.377   1.096   96.258   97.643   98.382   99.101
L_pred[88]    98.838   1.099   96.690   98.104   98.839   99.563
L_pred[89]    99.299   1.102   97.149   98.565   99.307  100.025
L_pred[90]    99.760   1.105   97.609   99.023   99.763  100.492
L_pred[91]   100.221   1.109   98.045   99.478  100.225  100.961
L_pred[92]   100.682   1.113   98.498   99.944  100.689  101.422
L_pred[93]   101.142   1.117   98.956  100.406  101.152  101.881
L_pred[94]   101.602   1.121   99.413  100.863  101.612  102.347
L_pred[95]   102.063   1.126   99.871  101.316  102.073  102.816
L_pred[96]   102.523   1.131  100.318  101.780  102.531  103.284
L_pred[97]   102.983   1.136  100.767  102.236  102.991  103.740
L_pred[98]   103.442   1.142  101.224  102.701  103.449  104.201
L_pred[99]   103.902   1.148  101.682  103.162  103.907  104.661
L_pred[100]  104.362   1.154  102.117  103.613  104.370  105.123
L_pred[101]  104.821   1.161  102.558  104.064  104.826  105.578
L_pred[102]  105.280   1.167  102.999  104.513  105.286  106.041
L_pred[103]  105.740   1.174  103.474  104.978  105.743  106.511
L_pred[104]  106.199   1.182  103.907  105.434  106.200  106.980
L_pred[105]  106.657   1.189  104.341  105.889  106.653  107.445
L_pred[106]  107.116   1.197  104.768  106.340  107.112  107.909
L_pred[107]  107.575   1.205  105.196  106.790  107.571  108.370
L_pred[108]  108.033   1.213  105.645  107.234  108.026  108.838
L_pred[109]  108.492   1.222  106.096  107.688  108.489  109.300
L_pred[110]  108.950   1.230  106.547  108.140  108.950  109.759
L_pred[111]  109.408   1.239  106.977  108.594  109.412  110.219
L_pred[112]  109.866   1.249  107.408  109.047  109.873  110.687
L_pred[113]  110.324   1.258  107.842  109.500  110.334  111.153
L_pred[114]  110.782   1.268  108.272  109.953  110.790  111.621
L_pred[115]  111.240   1.277  108.713  110.408  111.254  112.080
L_pred[116]  111.697   1.287  109.147  110.860  111.712  112.547
L_pred[117]  112.155   1.298  109.568  111.314  112.171  113.019
L_pred[118]  112.612   1.308  109.990  111.763  112.629  113.481
L_pred[119]  113.069   1.319  110.447  112.210  113.096  113.949
L_pred[120]  113.526   1.330  110.892  112.671  113.553  114.410
L_pred[121]  113.983   1.341  111.304  113.116  114.010  114.869
L_pred[122]  114.440   1.352  111.742  113.562  114.470  115.329
L_pred[123]  114.896   1.364  112.170  114.014  114.925  115.792
L_pred[124]  115.353   1.375  112.604  114.465  115.382  116.259
L_pred[125]  115.809   1.387  113.033  114.912  115.839  116.721
L_pred[126]  116.266   1.399  113.455  115.363  116.293  117.181
L_pred[127]  116.722   1.411  113.897  115.804  116.748  117.648
L_pred[128]  117.178   1.424  114.327  116.250  117.200  118.114
L_pred[129]  117.634   1.436  114.748  116.698  117.654  118.577
L_pred[130]  118.089   1.449  115.181  117.143  118.113  119.044
L_pred[131]  118.545   1.462  115.613  117.589  118.571  119.516
L_pred[132]  119.001   1.475  116.049  118.038  119.022  119.984
L_pred[133]  119.456   1.488  116.484  118.478  119.474  120.454
L_pred[134]  119.911   1.501  116.918  118.923  119.935  120.919
L_pred[135]  120.366   1.515  117.356  119.371  120.396  121.384
L_pred[136]  120.821   1.528  117.785  119.817  120.843  121.848
L_pred[137]  121.276   1.542  118.202  120.259  121.293  122.312
L_pred[138]  121.731   1.556  118.620  120.704  121.748  122.774
L_pred[139]  122.186   1.570  119.042  121.148  122.201  123.235
L_pred[140]  122.640   1.584  119.460  121.588  122.661  123.698
L_pred[141]  123.095   1.598  119.876  122.036  123.119  124.158
L_pred[142]  123.549   1.613  120.299  122.476  123.574  124.629
L_pred[143]  124.003   1.628  120.729  122.916  124.026  125.093
L_pred[144]  124.457   1.642  121.160  123.354  124.479  125.562
L_pred[145]  124.911   1.657  121.598  123.802  124.935  126.027
L_pred[146]  125.365   1.672  122.025  124.247  125.392  126.488
L_pred[147]  125.818   1.687  122.449  124.693  125.839  126.955
L_pred[148]  126.272   1.703  122.890  125.136  126.299  127.422
L_pred[149]  126.725   1.718  123.299  125.579  126.755  127.890
L_pred[150]  127.178   1.734  123.708  126.017  127.214  128.357
L_pred[151]  127.632   1.749  124.132  126.455  127.662  128.825
L_pred[152]  128.085   1.765  124.546  126.899  128.112  129.295
L_pred[153]  128.538   1.781  124.964  127.345  128.564  129.759
L_pred[154]  128.990   1.797  125.380  127.789  129.015  130.222
L_pred[155]  129.443   1.813  125.785  128.230  129.463  130.688
L_pred[156]  129.896   1.829  126.209  128.676  129.915  131.154
L_pred[157]  130.348   1.846  126.631  129.119  130.362  131.618
L_pred[158]  130.800   1.862  127.037  129.554  130.811  132.080
L_pred[159]  131.252   1.879  127.439  129.999  131.260  132.545
L_pred[160]  131.704   1.895  127.869  130.442  131.708  133.016
L_pred[161]  132.156   1.912  128.302  130.883  132.153  133.487
L_pred[162]  132.608   1.929  128.735  131.326  132.602  133.956
L_pred[163]  133.060   1.946  129.162  131.770  133.054  134.412
L_pred[164]  133.511   1.963  129.593  132.216  133.509  134.884
L_pred[165]  133.963   1.980  130.015  132.656  133.958  135.342
L_pred[166]  134.414   1.998  130.417  133.098  134.406  135.809
L_pred[167]  134.865   2.015  130.819  133.539  134.854  136.278
gamma          3.039   1.022    2.167    2.396    2.705    3.279
k_mean         0.000   0.000    0.000    0.000    0.000    0.000
sigma         16.740   0.750   15.367   16.223   16.710   17.238
deviance    2133.437   3.133 2129.509 2131.121 2132.744 2134.941
               97.5%  Rhat n.eff
L0_mean       62.053 1.002  1000
L_hat[1,1]    62.053 1.002  1000
L_hat[2,1]    73.859 1.002  1300
L_hat[3,1]    85.823 1.001  2000
L_hat[4,1]    98.641 1.001  3000
L_hat[5,1]   111.835 1.001  3000
L_hat[6,1]   125.684 1.001  3000
L_hat[7,1]   139.201 1.001  3000
L_hat[1,2]    62.053 1.002  1000
L_hat[2,2]    73.859 1.002  1300
L_hat[3,2]    85.823 1.001  2000
L_hat[4,2]    98.641 1.001  3000
L_hat[5,2]   111.835 1.001  3000
L_hat[6,2]   125.684 1.001  3000
L_hat[7,2]   139.201 1.001  3000
L_hat[1,3]    62.053 1.002  1000
L_hat[2,3]    73.859 1.002  1300
L_hat[3,3]    85.823 1.001  2000
L_hat[4,3]    98.641 1.001  3000
L_hat[5,3]   111.835 1.001  3000
L_hat[6,3]   125.684 1.001  3000
L_hat[7,3]   139.201 1.001  3000
L_hat[1,4]    62.053 1.002  1000
L_hat[2,4]    73.859 1.002  1300
L_hat[3,4]    85.823 1.001  2000
L_hat[4,4]    98.641 1.001  3000
L_hat[5,4]   111.835 1.001  3000
L_hat[6,4]   125.684 1.001  3000
L_hat[7,4]   139.201 1.001  3000
L_hat[1,5]    62.053 1.002  1000
L_hat[2,5]    73.859 1.002  1300
L_hat[3,5]    85.823 1.001  2000
L_hat[4,5]    98.641 1.001  3000
L_hat[5,5]   111.835 1.001  3000
L_hat[6,5]   125.684 1.001  3000
L_hat[7,5]   139.201 1.001  3000
L_hat[1,6]    62.053 1.002  1000
L_hat[2,6]    73.859 1.002  1300
L_hat[3,6]    85.823 1.001  2000
L_hat[4,6]    98.641 1.001  3000
L_hat[5,6]   111.835 1.001  3000
L_hat[6,6]   125.684 1.001  3000
L_hat[7,6]   139.201 1.001  3000
L_hat[1,7]    62.053 1.002  1000
L_hat[2,7]    73.859 1.002  1300
L_hat[3,7]    85.823 1.001  2000
L_hat[4,7]    98.641 1.001  3000
L_hat[5,7]   111.835 1.001  3000
L_hat[6,7]   125.684 1.001  3000
L_hat[7,7]   139.201 1.001  3000
L_hat[1,8]    62.053 1.002  1000
L_hat[2,8]    73.859 1.002  1300
L_hat[3,8]    85.823 1.001  2000
L_hat[4,8]    98.641 1.001  3000
L_hat[5,8]   111.835 1.001  3000
L_hat[6,8]   125.684 1.001  3000
L_hat[7,8]   139.201 1.001  3000
L_hat[1,9]    62.053 1.002  1000
L_hat[2,9]    73.859 1.002  1300
L_hat[3,9]    85.823 1.001  2000
L_hat[4,9]    98.641 1.001  3000
L_hat[5,9]   111.835 1.001  3000
L_hat[6,9]   125.684 1.001  3000
L_hat[7,9]   139.201 1.001  3000
L_hat[1,10]   62.053 1.002  1000
L_hat[2,10]   73.859 1.002  1300
L_hat[3,10]   85.823 1.001  2000
L_hat[4,10]   98.641 1.001  3000
L_hat[5,10]  111.835 1.001  3000
L_hat[6,10]  125.684 1.001  3000
L_hat[7,10]  139.201 1.001  3000
L_hat[1,11]   62.053 1.002  1000
L_hat[2,11]   73.859 1.002  1300
L_hat[3,11]   85.823 1.001  2000
L_hat[4,11]   98.641 1.001  3000
L_hat[5,11]  111.835 1.001  3000
L_hat[6,11]  125.684 1.001  3000
L_hat[7,11]  139.201 1.001  3000
L_hat[1,12]   62.053 1.002  1000
L_hat[2,12]   73.859 1.002  1300
L_hat[3,12]   85.823 1.001  2000
L_hat[4,12]   98.641 1.001  3000
L_hat[5,12]  111.835 1.001  3000
L_hat[6,12]  125.684 1.001  3000
L_hat[7,12]  139.201 1.001  3000
L_hat[1,13]   62.053 1.002  1000
L_hat[2,13]   73.859 1.002  1300
L_hat[3,13]   85.823 1.001  2000
L_hat[4,13]   98.641 1.001  3000
L_hat[5,13]  111.835 1.001  3000
L_hat[6,13]  125.684 1.001  3000
L_hat[7,13]  139.201 1.001  3000
L_hat[1,14]   62.053 1.002  1000
L_hat[2,14]   73.859 1.002  1300
L_hat[3,14]   85.823 1.001  2000
L_hat[4,14]   98.641 1.001  3000
L_hat[5,14]  111.835 1.001  3000
L_hat[6,14]  125.684 1.001  3000
L_hat[7,14]  139.201 1.001  3000
L_hat[1,15]   62.053 1.002  1000
L_hat[2,15]   73.859 1.002  1300
L_hat[3,15]   85.823 1.001  2000
L_hat[4,15]   98.641 1.001  3000
L_hat[5,15]  111.835 1.001  3000
L_hat[6,15]  125.684 1.001  3000
L_hat[7,15]  139.201 1.001  3000
L_hat[1,16]   62.053 1.002  1000
L_hat[2,16]   73.859 1.002  1300
L_hat[3,16]   85.823 1.001  2000
L_hat[4,16]   98.641 1.001  3000
L_hat[5,16]  111.835 1.001  3000
L_hat[6,16]  125.684 1.001  3000
L_hat[7,16]  139.201 1.001  3000
L_hat[1,17]   62.053 1.002  1000
L_hat[2,17]   73.859 1.002  1300
L_hat[3,17]   85.823 1.001  2000
L_hat[4,17]   98.641 1.001  3000
L_hat[5,17]  111.835 1.001  3000
L_hat[6,17]  125.684 1.001  3000
L_hat[7,17]  139.201 1.001  3000
L_hat[1,18]   62.053 1.002  1000
L_hat[2,18]   73.859 1.002  1300
L_hat[3,18]   85.823 1.001  2000
L_hat[4,18]   98.641 1.001  3000
L_hat[5,18]  111.835 1.001  3000
L_hat[6,18]  125.684 1.001  3000
L_hat[7,18]  139.201 1.001  3000
L_hat[1,19]   62.053 1.002  1000
L_hat[2,19]   73.859 1.002  1300
L_hat[3,19]   85.823 1.001  2000
L_hat[4,19]   98.641 1.001  3000
L_hat[5,19]  111.835 1.001  3000
L_hat[6,19]  125.684 1.001  3000
L_hat[7,19]  139.201 1.001  3000
L_hat[1,20]   62.053 1.002  1000
L_hat[2,20]   73.859 1.002  1300
L_hat[3,20]   85.823 1.001  2000
L_hat[4,20]   98.641 1.001  3000
L_hat[5,20]  111.835 1.001  3000
L_hat[6,20]  125.684 1.001  3000
L_hat[7,20]  139.201 1.001  3000
L_hat[1,21]   62.053 1.002  1000
L_hat[2,21]   73.859 1.002  1300
L_hat[3,21]   85.823 1.001  2000
L_hat[4,21]   98.641 1.001  3000
L_hat[5,21]  111.835 1.001  3000
L_hat[6,21]  125.684 1.001  3000
L_hat[7,21]  139.201 1.001  3000
L_hat[1,22]   62.053 1.002  1000
L_hat[2,22]   73.859 1.002  1300
L_hat[3,22]   85.823 1.001  2000
L_hat[4,22]   98.641 1.001  3000
L_hat[5,22]  111.835 1.001  3000
L_hat[6,22]  125.684 1.001  3000
L_hat[7,22]  139.201 1.001  3000
L_hat[1,23]   62.053 1.002  1000
L_hat[2,23]   73.859 1.002  1300
L_hat[3,23]   85.823 1.001  2000
L_hat[4,23]   98.641 1.001  3000
L_hat[5,23]  111.835 1.001  3000
L_hat[6,23]  125.684 1.001  3000
L_hat[7,23]  139.201 1.001  3000
L_hat[1,24]   62.053 1.002  1000
L_hat[2,24]   73.859 1.002  1300
L_hat[3,24]   85.823 1.001  2000
L_hat[4,24]   98.641 1.001  3000
L_hat[5,24]  111.835 1.001  3000
L_hat[6,24]  125.684 1.001  3000
L_hat[7,24]  139.201 1.001  3000
L_hat[1,25]   62.053 1.002  1000
L_hat[2,25]   73.859 1.002  1300
L_hat[3,25]   85.823 1.001  2000
L_hat[4,25]   98.641 1.001  3000
L_hat[5,25]  111.835 1.001  3000
L_hat[6,25]  125.684 1.001  3000
L_hat[7,25]  139.201 1.001  3000
L_hat[1,26]   62.053 1.002  1000
L_hat[2,26]   73.859 1.002  1300
L_hat[3,26]   85.823 1.001  2000
L_hat[4,26]   98.641 1.001  3000
L_hat[5,26]  111.835 1.001  3000
L_hat[6,26]  125.684 1.001  3000
L_hat[7,26]  139.201 1.001  3000
L_hat[1,27]   62.053 1.002  1000
L_hat[2,27]   73.859 1.002  1300
L_hat[3,27]   85.823 1.001  2000
L_hat[4,27]   98.641 1.001  3000
L_hat[5,27]  111.835 1.001  3000
L_hat[6,27]  125.684 1.001  3000
L_hat[7,27]  139.201 1.001  3000
L_hat[1,28]   62.053 1.002  1000
L_hat[2,28]   73.859 1.002  1300
L_hat[3,28]   85.823 1.001  2000
L_hat[4,28]   98.641 1.001  3000
L_hat[5,28]  111.835 1.001  3000
L_hat[6,28]  125.684 1.001  3000
L_hat[7,28]  139.201 1.001  3000
L_hat[1,29]   62.053 1.002  1000
L_hat[2,29]   73.859 1.002  1300
L_hat[3,29]   85.823 1.001  2000
L_hat[4,29]   98.641 1.001  3000
L_hat[5,29]  111.835 1.001  3000
L_hat[6,29]  125.684 1.001  3000
L_hat[7,29]  139.201 1.001  3000
L_hat[1,30]   62.053 1.002  1000
L_hat[2,30]   73.859 1.002  1300
L_hat[3,30]   85.823 1.001  2000
L_hat[4,30]   98.641 1.001  3000
L_hat[5,30]  111.835 1.001  3000
L_hat[6,30]  125.684 1.001  3000
L_hat[7,30]  139.201 1.001  3000
L_hat[1,31]   62.053 1.002  1000
L_hat[2,31]   73.859 1.002  1300
L_hat[3,31]   85.823 1.001  2000
L_hat[4,31]   98.641 1.001  3000
L_hat[5,31]  111.835 1.001  3000
L_hat[6,31]  125.684 1.001  3000
L_hat[7,31]  139.201 1.001  3000
L_hat[1,32]   62.053 1.002  1000
L_hat[2,32]   73.859 1.002  1300
L_hat[3,32]   85.823 1.001  2000
L_hat[4,32]   98.641 1.001  3000
L_hat[5,32]  111.835 1.001  3000
L_hat[6,32]  125.684 1.001  3000
L_hat[7,32]  139.201 1.001  3000
L_hat[1,33]   62.053 1.002  1000
L_hat[2,33]   73.859 1.002  1300
L_hat[3,33]   85.823 1.001  2000
L_hat[4,33]   98.641 1.001  3000
L_hat[5,33]  111.835 1.001  3000
L_hat[6,33]  125.684 1.001  3000
L_hat[7,33]  139.201 1.001  3000
L_hat[1,34]   62.053 1.002  1000
L_hat[2,34]   73.859 1.002  1300
L_hat[3,34]   85.823 1.001  2000
L_hat[4,34]   98.641 1.001  3000
L_hat[5,34]  111.835 1.001  3000
L_hat[6,34]  125.684 1.001  3000
L_hat[7,34]  139.201 1.001  3000
L_hat[1,35]   62.053 1.002  1000
L_hat[2,35]   73.859 1.002  1300
L_hat[3,35]   85.823 1.001  2000
L_hat[4,35]   98.641 1.001  3000
L_hat[5,35]  111.835 1.001  3000
L_hat[6,35]  125.684 1.001  3000
L_hat[7,35]  139.201 1.001  3000
L_hat[1,36]   62.053 1.002  1000
L_hat[2,36]   73.859 1.002  1300
L_hat[3,36]   85.823 1.001  2000
L_hat[4,36]   98.641 1.001  3000
L_hat[5,36]  111.835 1.001  3000
L_hat[6,36]  125.684 1.001  3000
L_hat[7,36]  139.201 1.001  3000
L_hat[1,37]   62.053 1.002  1000
L_hat[2,37]   73.859 1.002  1300
L_hat[3,37]   85.823 1.001  2000
L_hat[4,37]   98.641 1.001  3000
L_hat[5,37]  111.835 1.001  3000
L_hat[6,37]  125.684 1.001  3000
L_hat[7,37]  139.201 1.001  3000
L_hat[1,38]   62.053 1.002  1000
L_hat[2,38]   73.859 1.002  1300
L_hat[3,38]   85.823 1.001  2000
L_hat[4,38]   98.641 1.001  3000
L_hat[5,38]  111.835 1.001  3000
L_hat[6,38]  125.684 1.001  3000
L_hat[7,38]  139.201 1.001  3000
L_hat[1,39]   62.053 1.002  1000
L_hat[2,39]   73.859 1.002  1300
L_hat[3,39]   85.823 1.001  2000
L_hat[4,39]   98.641 1.001  3000
L_hat[5,39]  111.835 1.001  3000
L_hat[6,39]  125.684 1.001  3000
L_hat[7,39]  139.201 1.001  3000
L_hat[1,40]   62.053 1.002  1000
L_hat[2,40]   73.859 1.002  1300
L_hat[3,40]   85.823 1.001  2000
L_hat[4,40]   98.641 1.001  3000
L_hat[5,40]  111.835 1.001  3000
L_hat[6,40]  125.684 1.001  3000
L_hat[7,40]  139.201 1.001  3000
L_hat[1,41]   62.053 1.002  1000
L_hat[2,41]   73.859 1.002  1300
L_hat[3,41]   85.823 1.001  2000
L_hat[4,41]   98.641 1.001  3000
L_hat[5,41]  111.835 1.001  3000
L_hat[6,41]  125.684 1.001  3000
L_hat[7,41]  139.201 1.001  3000
L_pred[1]     62.053 1.002  1000
L_pred[2]     62.493 1.002  1000
L_pred[3]     62.929 1.002  1000
L_pred[4]     63.348 1.002  1100
L_pred[5]     63.766 1.002  1100
L_pred[6]     64.213 1.002  1100
L_pred[7]     64.644 1.002  1100
L_pred[8]     65.085 1.002  1100
L_pred[9]     65.515 1.002  1100
L_pred[10]    65.959 1.002  1100
L_pred[11]    66.395 1.002  1100
L_pred[12]    66.836 1.002  1100
L_pred[13]    67.276 1.002  1100
L_pred[14]    67.724 1.002  1100
L_pred[15]    68.168 1.002  1200
L_pred[16]    68.597 1.002  1200
L_pred[17]    69.041 1.002  1200
L_pred[18]    69.487 1.002  1200
L_pred[19]    69.923 1.002  1200
L_pred[20]    70.359 1.002  1200
L_pred[21]    70.795 1.002  1200
L_pred[22]    71.235 1.002  1200
L_pred[23]    71.676 1.002  1200
L_pred[24]    72.115 1.002  1300
L_pred[25]    72.540 1.002  1300
L_pred[26]    72.982 1.002  1300
L_pred[27]    73.414 1.002  1300
L_pred[28]    73.859 1.002  1300
L_pred[29]    74.299 1.002  1300
L_pred[30]    74.743 1.002  1300
L_pred[31]    75.182 1.002  1400
L_pred[32]    75.628 1.002  1400
L_pred[33]    76.062 1.002  1400
L_pred[34]    76.510 1.002  1400
L_pred[35]    76.958 1.002  1400
L_pred[36]    77.380 1.002  1500
L_pred[37]    77.802 1.002  1500
L_pred[38]    78.241 1.002  1500
L_pred[39]    78.680 1.002  1500
L_pred[40]    79.118 1.002  1500
L_pred[41]    79.555 1.002  1600
L_pred[42]    80.001 1.002  1600
L_pred[43]    80.450 1.002  1600
L_pred[44]    80.904 1.002  1600
L_pred[45]    81.364 1.002  1700
L_pred[46]    81.801 1.002  1700
L_pred[47]    82.255 1.002  1700
L_pred[48]    82.692 1.002  1800
L_pred[49]    83.135 1.002  1800
L_pred[50]    83.584 1.002  1800
L_pred[51]    84.030 1.002  1900
L_pred[52]    84.473 1.002  1900
L_pred[53]    84.915 1.002  1900
L_pred[54]    85.364 1.002  2000
L_pred[55]    85.823 1.001  2000
L_pred[56]    86.276 1.001  2100
L_pred[57]    86.733 1.001  2100
L_pred[58]    87.199 1.001  2200
L_pred[59]    87.648 1.001  2200
L_pred[60]    88.095 1.001  2300
L_pred[61]    88.551 1.001  2300
L_pred[62]    89.006 1.001  2400
L_pred[63]    89.463 1.001  2500
L_pred[64]    89.923 1.001  2500
L_pred[65]    90.379 1.001  2600
L_pred[66]    90.859 1.001  2700
L_pred[67]    91.317 1.001  2800
L_pred[68]    91.763 1.001  2900
L_pred[69]    92.208 1.001  2900
L_pred[70]    92.667 1.001  3000
L_pred[71]    93.126 1.001  3000
L_pred[72]    93.589 1.001  3000
L_pred[73]    94.049 1.001  3000
L_pred[74]    94.512 1.001  3000
L_pred[75]    94.981 1.001  3000
L_pred[76]    95.438 1.001  3000
L_pred[77]    95.892 1.001  3000
L_pred[78]    96.354 1.001  3000
L_pred[79]    96.820 1.001  3000
L_pred[80]    97.277 1.001  3000
L_pred[81]    97.738 1.001  3000
L_pred[82]    98.188 1.001  3000
L_pred[83]    98.641 1.001  3000
L_pred[84]    99.104 1.001  3000
L_pred[85]    99.577 1.001  3000
L_pred[86]   100.058 1.001  3000
L_pred[87]   100.517 1.001  3000
L_pred[88]   100.994 1.001  3000
L_pred[89]   101.453 1.001  3000
L_pred[90]   101.917 1.001  3000
L_pred[91]   102.376 1.001  3000
L_pred[92]   102.848 1.001  3000
L_pred[93]   103.325 1.001  3000
L_pred[94]   103.794 1.001  3000
L_pred[95]   104.249 1.001  3000
L_pred[96]   104.718 1.001  3000
L_pred[97]   105.184 1.001  3000
L_pred[98]   105.656 1.001  3000
L_pred[99]   106.125 1.001  3000
L_pred[100]  106.594 1.001  3000
L_pred[101]  107.070 1.001  3000
L_pred[102]  107.560 1.001  3000
L_pred[103]  108.043 1.001  3000
L_pred[104]  108.525 1.001  3000
L_pred[105]  109.006 1.001  3000
L_pred[106]  109.482 1.001  3000
L_pred[107]  109.946 1.001  3000
L_pred[108]  110.411 1.001  3000
L_pred[109]  110.892 1.001  3000
L_pred[110]  111.355 1.001  3000
L_pred[111]  111.835 1.001  3000
L_pred[112]  112.302 1.001  3000
L_pred[113]  112.785 1.001  3000
L_pred[114]  113.265 1.001  3000
L_pred[115]  113.742 1.001  3000
L_pred[116]  114.218 1.001  3000
L_pred[117]  114.701 1.001  3000
L_pred[118]  115.169 1.001  3000
L_pred[119]  115.644 1.001  3000
L_pred[120]  116.128 1.001  3000
L_pred[121]  116.586 1.001  3000
L_pred[122]  117.055 1.001  3000
L_pred[123]  117.528 1.001  3000
L_pred[124]  117.992 1.001  3000
L_pred[125]  118.469 1.001  3000
L_pred[126]  118.950 1.001  3000
L_pred[127]  119.422 1.001  3000
L_pred[128]  119.906 1.001  3000
L_pred[129]  120.389 1.001  3000
L_pred[130]  120.861 1.001  3000
L_pred[131]  121.362 1.001  3000
L_pred[132]  121.844 1.001  3000
L_pred[133]  122.335 1.001  3000
L_pred[134]  122.803 1.001  3000
L_pred[135]  123.274 1.001  3000
L_pred[136]  123.745 1.001  3000
L_pred[137]  124.210 1.001  3000
L_pred[138]  124.701 1.001  3000
L_pred[139]  125.193 1.001  3000
L_pred[140]  125.684 1.001  3000
L_pred[141]  126.175 1.001  3000
L_pred[142]  126.659 1.001  3000
L_pred[143]  127.147 1.001  3000
L_pred[144]  127.636 1.001  3000
L_pred[145]  128.116 1.001  3000
L_pred[146]  128.615 1.001  3000
L_pred[147]  129.102 1.001  3000
L_pred[148]  129.592 1.001  3000
L_pred[149]  130.083 1.001  3000
L_pred[150]  130.572 1.001  3000
L_pred[151]  131.061 1.001  3000
L_pred[152]  131.536 1.001  3000
L_pred[153]  132.003 1.001  3000
L_pred[154]  132.493 1.001  3000
L_pred[155]  132.974 1.001  3000
L_pred[156]  133.454 1.001  3000
L_pred[157]  133.934 1.001  3000
L_pred[158]  134.419 1.001  3000
L_pred[159]  134.903 1.001  3000
L_pred[160]  135.371 1.001  3000
L_pred[161]  135.851 1.001  3000
L_pred[162]  136.330 1.001  3000
L_pred[163]  136.802 1.001  3000
L_pred[164]  137.271 1.001  3000
L_pred[165]  137.755 1.001  3000
L_pred[166]  138.228 1.001  3000
L_pred[167]  138.714 1.001  3000
gamma          6.050 1.008   580
k_mean         0.001 1.006   490
sigma         18.245 1.001  3000
deviance    2141.231 1.003   980

For each parameter, n.eff is a crude measure of effective sample size,
and Rhat is the potential scale reduction factor (at convergence, Rhat=1).

DIC info (using the rule, pD = var(deviance)/2)
pD = 4.9 and DIC = 2138.3
DIC is an estimate of expected predictive error (lower deviance is better).
